1007
1009
101
1034
1035
1036
1037
1038
1041
1045
1046
1052
10592
1060
1061
1065
1067
1072
1075
1077
1078
1083
10849
1088
1089
109
1092
1095
1100
1102
11079
1112
11250
1127
11273
1128
11282
113
1132
11339
1137
1139
1150
1151
1155
1156
1159
1167
11779
1183
1188
1189
1200
1202
1204
1207
1210
1211
12139
12174
1229
12543
1269
12783
1287
1296
1298
1301
1303
13054
1313
1314
1322
1331
1332
1333
1353
1355
1356
1360
1362
1376
13798
138
1382
1384
1385
1386
1387
1388
1390
1393
13982
1400
1403
1404
1405
1406
1407
1419
1420
1424
1428
1431
14313
1432
1433
1442
1445
1446
1447
145
1452
1455
1458
1461
1463
1464
1466
1468
1469
1470
1471
14757
1481
149
1491
1496
1501
1504
1506
1509
1527
1535
1540
1543
15434
1550
1551
15535
1555
1562
1564
1566
1571
1577
1585
1590
1592
1597
1602
1606
162
16261
16268
16274
16275
16278
16341
16347
16355
16374
16377
16379
16381
16391
16393
16409
16431
16445
16452
16453
16466
16467
16470
16472
16477
16490
165
16544
16563
16565
16595
16596
16600
16613
16619
16627
16645
16676
16677
16681
16683
16697
16701
16713
16714
16769
16770
16771
16773
16783
16792
16819
16829
16831
16863
16882
16884
16898
16904
16914
16916
16927
16968
16988
16990
17034
17077
17080
17082
17097
17102
17106
17131
17141
17143
17147
17157
17166
17174
17180
17185
17193
17198
17204
17231
17233
17234
17242
17275
17284
17286
17310
17312
17319
17329
17331
17337
17341
17342
17351
17362
17367
17387
17388
17399
17400
17408
17431
17458
17463
17476
17493
17501
17508
17519
17533
17534
17535
17538
17577
17587
17605
17620
17622
17626
17644
17661
17665
17676
17692
17718
17721
17722
17726
17754
17756
17822
17824
17889
17947
17948
17950
17953
17962
17965
17984
17989
17990
17991
18006
18013
18024
18039
18058
1809
18094
18095
18107
18108
18113
18122
1813
1816
1818
1819
18195
1821
18213
18244
1827
1828
1830
1831
18311
18318
1832
18329
1833
18331
18332
1834
18340
1835
18359
1836
18369
18379
18412
1844
1845
18459
18471
1848
18481
18483
18498
1851
18514
18515
18518
18519
18521
18522
18525
1853
18533
18534
1854
18540
18548
18569
1857
18573
1860
1861
18610
1862
18624
18625
18632
18636
18637
18659
1867
1870
1871
1872
1873
1876
1877
1880
1881
1885
1887
1888
1891
1894
1896
18992
1901
19027
1903
1904
19067
19071
19076
19077
19092
19117
19127
19129
19151
1918
19199
1920
1921
19219
1922
19220
19222
1923
1924
1926
1928
1929
19296
19326
1933
1934
1935
1936
1938
19401
19406
1941
19410
1943
19448
1945
1946
19469
19476
1948
19488
1949
195
1951
19510
1952
1955
1956
1957
1959
19591
1961
19613
1966
1975
1979
198
1980
1981
1982
1983
1984
1985
1988
1990
1991
1998
1999
2000
2002
2006
2007
2008
2011
2012
2014
2016
2018
2019
202
2020
2025
2026
2027
2028
2029
2030
2032
2033
2038
204
2041
2042
2043
2044
2045
2047
2048
2049
2050
2054
2055
2056
2057
2058
2060
2062
2063
2064
2065
2066
2068
2069
2071
2074
2075
2077
2078
208
2084
2085
2089
2092
2094
2099
2100
2101
2102
2103
2106
2107
2110
2112
2114
212
2122
2123
2124
2125
2128
2129
2130
2134
2136
2137
2138
2139
2142
2143
2144
2145
2146
2148
2149
2158
2161
2162
2163
2164
2165
2166
2168
2169
2172
2175
2176
2177
2179
2180
2181
2184
2185
2187
2190
2191
2192
2193
2194
2197
2202
2208
2209
2210
2211
2216
2218
2221
2223
2225
2226
2228
2229
2232
2233
2238
2239
2245
2249
2253
2254
2256
2258
2259
226
2262
2265
2267
2268
2271
2294
2299
2304
2307
231
2314
2327
2337
2339
2340
2342
2344
2345
2347
2348
2349
2351
2355
2357
2360
2366
2374
2376
2377
2379
2381
2382
2383
2384
2385
2392
2396
2398
2400
2401
2404
2405
2406
2407
2408
2409
241
2410
2411
2414
2418
2419
2420
2421
2422
2423
2429
2431
2433
2438
2440
2441
2443
2444
2445
2447
2449
2451
2453
2454
2455
2458
2461
2464
2469
2470
2474
2477
2478
2481
2484
2486
2487
2489
2491
2492
2495
2496
2498
2499
2500
2501
2502
2503
2505
2507
2508
2509
2510
2511
2512
2513
2516
2517
2520
2523
2524
2525
2526
2527
2539
2542
2543
2545
2547
2548
2549
2550
2551
2553
2557
2561
2565
2566
2567
2569
2571
2572
2573
2574
2576
2577
2579
2581
2582
2600
2601
2602
2603
2604
2605
2606
2608
2611
2615
2616
262
2620
2621
2623
2625
2626
2627
2628
2629
2630
2631
2632
2633
2635
2636
2637
2638
2639
2640
2641
2643
2648
2649
265
2652
2653
2654
2655
2656
2657
2658
2660
2661
2663
2665
2666
2694
2695
2697
2699
2700
2701
2702
2703
2706
2707
2708
2710
2713
2715
2716
2717
272
2721
2722
2724
2725
2727
2728
2729
2730
2731
2732
2737
2738
2743
2744
2745
2748
2751
2755
2758
2759
2762
2764
2766
2768
2771
2772
2773
2774
2791
2793
2794
2795
2796
2828
2840
2841
2848
2850
2852
2854
2856
2857
288
2888
2900
2901
2907
291
2919
2932
2935
2936
294
2943
2951
2953
2954
2960
2963
2966
2981
2982
2992
2999
303
3036
304
3040
3046
3054
3067
3070
3072
3082
3089
3093
3096
3099
3109
311
3112
3114
3120
3129
3130
3132
3137
3140
3142
3143
3145
3158
3166
3178
3180
3186
3187
3188
3189
3199
3202
3203
3206
3208
3209
3211
3213
3222
3225
3228
3229
3231
3246
3254
3268
327
3272
3276
3283
329
3294
3298
330
3303
3307
3309
331
3319
3328
3330
3355
336
3362
3365
3368
3373
3375
3377
3382
3393
3398
3409
3418
3419
3441
3446
3450
3452
3453
3455
3459
3462
3463
3468
3478
3480
3481
3484
3497
350
354
3558
3559
3560
357
3571
3572
3573
3574
3576
3581
3582
3583
3584
3585
3592
3599
3603
3604
3607
3608
362
3623
3624
3627
3631
3636
364
3650
3660
3674
3675
3676
3678
3687
3694
3707
3726
373
3744
376
3764
3773
3776
3780
3783
3789
379
3799
3815
383
384
385
3861
387
3874
3876
388
3881
3887
389
3895
3904
3908
3919
3925
393
3946
395
3959
4001
4005
4013
4018
402
4045
4074
408
4105
4109
4123
4125
4147
415
4154
416
4215
4240
4253
4267
4278
4318
4354
4355
4356
4370
4440
4449
4452
4457
4459
4464
4467
450
452
4520
453
454
4567
457
4571
4574
458
459
4612
462
463
4642
4650
466
4661
4706
471
475
477
4812
483
485
4885
4887
4888
4890
4893
490
493
4937
4949
4963
4965
497
4971
4979
4993
4998
501
5016
503
5034
5039
5043
505
5075
5080
5081
5106
511
5118
512
513
5140
5148
515
5153
5156
5158
516
5161
5162
5174
5219
5220
5223
5228
5229
523
525
5253
526
528
529
5293
5298
5301
5302
5326
534
536
548
549
551
553
556
557
558
560
561
563
5650
5656
566
569
5699
57
570
571
572
573
575
576
577
578
579
58
5806
581
582
583
588
589
5901
5905
591
5926
5931
596
600
601
602
606
6067
607
6080
6091
612
6121
6130
6133
6138
616
617
6179
618
619
6194
6207
6209
6225
6242
626
627
6271
6274
6298
631
6314
632
6323
634
6340
6343
6344
637
6385
639
640
641
642
644
6494
6504
6508
652
6520
6528
653
654
6540
6545
655
656
657
658
660
6608
6643
665
6686
669
6698
671
672
6730
674
6747
675
6750
6751
6752
6753
6755
6757
6759
676
6763
6767
6769
6771
679
6802
681
683
6832
687
6890
6910
6913
692
6938
694
695
696
6960
6962
6963
6964
6973
6976
698
699
700
7002
7008
702
7026
7029
7033
704
7042
7059
706
7063
7065
7067
7068
707
7087
7103
7111
7119
712
7129
713
7163
7164
7169
7172
7177
718
7185
7189
719
7190
7197
7199
720
7203
721
7220
7227
723
7241
726
728
7282
7295
7302
731
7314
7316
732
7322
7329
734
7345
738
740
741
745
749
753
754
755
758
759
7625
7630
764
769
772
78
785
786
7931
8
805
806
807
808
812
814
822
823
826
832
845
851
8517
854
860
8638
875
879
880
881
886
897
900
902
903
9032
904
908
909
913
915
920
923
9234
928
929
933
936
944
945
948
954
956
960
965
966
97
972
973
977
978
979
984
987
989
991
993
